% R2016a



a = 1;
b = 2;





